2
5
Test
stes
s
sdfwsdef
sds
5
TeamDub
esdfdzf
dz
gd
zf
5
0
0
1
-1
-1
21
1
147
-1386
75
-761
0
0
0
0
0
0
0
1
24
3
22
0
280
0
1
2
4
3
0
55
1
1
45
55
21
0
1120
1
1
2
3
4
0
40
2
1
2
12
4
0
130
2
1
4
4
2
0
90
3
1
3
3
44
0
-145
3
1
4
52
1
0
575
-1
0
0
0
0
0
0
-1
0
0
0
0
0
0
-1
0
0
0
0
0
0
-1
0
0
0
0
0
0
-1
0
0
0
0
0
0
-1
0
0
0
0
0
0
-1
0
0
0
0
0
0
-1
0
0
0
0
0
0
1
1
0
30
30
21
1
100
-800
1664
-18115
0
0
0
0
0
0
0
11
2
23
1
0
255
0
11
23
3
13
0
310
1
11
23
2
2
0
355
1
11
12
1211
31
0
12135
2
11
3
31
31
0
200
2
11
12
31
31
0
335
3
11
3
13
31
0
20
3
11
341
31
12
0
5365
-1
0
0
0
0
0
0
-1
0
0
0
0
0
0
-1
0
0
0
0
0
0
-1
0
0
0
0
0
0
-1
0
0
0
0
0
0
-1
0
0
0
0
0
0
-1
0
0
0
0
0
0
-1
0
0
0
0
0
0
2
0
1
10
10
21
0
8
-70
8
-70
0
0
0
0
0
0
0
1
1
1
1
0
20
0
1
1
1
1
0
20
1
1
1
1
1
0
20
1
1
1
1
1
0
20
2
1
1
1
1
0
20
2
1
1
1
1
0
20
3
1
1
1
1
0
20
3
1
1
1
1
0
20
-1
0
0
0
0
0
0
-1
0
0
0
0
0
0
-1
0
0
0
0
0
0
-1
0
0
0
0
0
0
-1
0
0
0
0
0
0
-1
0
0
0
0
0
0
-1
0
0
0
0
0
0
-1
0
0
0
0
0
0
3
0
0
-1
-1
0
1
28
-331
18
-231
0
0
0
0
0
0
0
1
1
1
1
0
20
0
1
1
1
1
0
20
1
1
1
1
1
0
20
1
1
1
1
1
0
20
2
1
11
1
1
0
170
2
1
1
1
1
0
20
3
1
1
11
1
0
120
3
1
11
1
1
0
170
-1
0
0
0
0
0
0
-1
0
0
0
0
0
0
-1
0
0
0
0
0
0
-1
0
0
0
0
0
0
-1
0
0
0
0
0
0
-1
0
0
0
0
0
0
-1
0
0
0
0
0
0
-1
0
0
0
0
0
0
4
0
1
2
10
0
1
18
-228
8
30
0
1
1
0
0
0
0
1
1
1
1
0
20
0
1
1
1
1
0
20
1
1
11
1
1
0
170
1
1
1
1
1
0
20
2
1
1
1
1
0
20
2
1
1
1
11
0
-30
3
1
1
1
1
0
20
3
1
1
1
11
0
-30
-1
0
0
0
0
0
0
-1
0
0
0
0
0
0
-1
0
0
0
0
0
0
-1
0
0
0
0
0
0
-1
0
0
0
0
0
0
-1
0
0
0
0
0
0
-1
0
0
0
0
0
0
-1
0
0
0
0
0
0
1
1
3
0
1
2
254
0
1
1
1
1
1
1
0
1
1